$S
0
DS-2CD2021G1-I20210117AAWRF14857972
1
1
0
0
0
0
0
1
31
0
admin
@sp142536
172.16.0.109
0.0.0.0
8000
DS-2CD2021G1-I
$C
0
0
0
0
Camera1
0
0
0
1
0
0
$S
1
DS-2CD2021G1-I20201218AAWRF29756748
1
1
0
0
0
0
0
2
31
0
admin
@sp142536
172.16.0.110
0.0.0.0
8000
DS-2CD2021G1-I
$C
1
0
1
0
Camera1
0
0
0
1
0
0
$S
2
DS-2CD1023G0E-I(L)20201127AAWRF14846461
1
1
0
0
0
0
0
1
31
0
admin
hd543211
192.168.1.65
0.0.0.0
8000
DS-2CD1023G0E-I(L)
$C
2
0
2
0
Camera1
0
0
0
1
0
0
$S
3
DS-2CD1023G0E-I(L)20201127AAWRF14846461
1
1
0
0
0
0
0
2
31
0
admin
hd543211
192.168.1.65
0.0.0.0
8000
DS-2CD1023G0E-I(L)
$C
3
0
3
0
Camera1
0
0
0
1
0
0
$S
4
DS-7204HGHI-F10420190615AAWRD29690155WCVU
9
1
0
0
1
0
0
op1
2220
1
admin
nhanvuco123
192.168.100.104
0.0.0.0
8000
DS-7204HGHI-F1
$C
4
0
4
0
Camera1
0
0
0
1
0
0
$C
4
1
4
1
Camera2
0
0
0
1
0
0
$C
4
2
4
2
Camera3
0
0
0
1
0
0
$C
4
3
4
3
Camera4
0
0
0
1
0
0
